-0.090764292
-0.162982225
0.034987640
-0.273656160
0.273453683
-0.098429635
-0.068901561
0.515318632
-0.046809036
0.252486348
-0.040968511
-0.067501605
0.063579254
0.283913374
-0.172502905
-0.046150405
0.107512258
-0.046018124
-0.458326012
0.026025901
-0.007834482
0.067539014
-0.086779378
-0.193489179
-0.225448281
0.071524367
0.015530139
0.149275139
0.125167206
0.169762284
0.200956658
-0.174224034
-0.140777737
-0.145160824
-0.172282115
0.319417447
-0.068790056
0.312111229
-0.353288919
0.178265542
0.741048455
-0.058796804
0.127772287
-0.067892842
0.276888609
-0.154214501
-0.258630991
0.077445075
-0.147680059
-0.059602987
-0.178533196
0.029293556
-0.109390937
-0.124369025
-0.211145684
0.029740825
0.019878302
-0.227123603
0.374964088
0.148026049
-0.553124666
-0.127411410
0.056093555
-0.232335001
-0.070394352
-0.092864297
-0.109037869
-0.057223070
-0.036783442
-0.130186722
-0.101612352
-0.063003242
-0.033813048
-0.285006076
0.170421496
-0.113760002
0.163337246
-0.207218051
-0.096723400
-0.052654419
-0.024186414
0.288091451
0.049363010
-0.346200734
0.116912916
0.126324356
0.065598845
-0.301364094
-0.012758303
-0.049687333
-0.249386549
0.092986785
0.160757616
-0.052168965
0.056289453
-0.313285887
0.062768295
-0.139179930
-0.089694947
0.235536501
0.114964604
0.065403476
-0.026788840
0.043386810
0.112468094
0.168843463
0.524476051
0.108809508
-0.070824593
-0.076066211
-0.096844301
0.069673643
-0.023568502
-0.228629544
-0.247694299
0.109718040
-0.118961588
-0.049483694
-0.361204296
-0.091073029
-0.253711432
-0.186446071
-0.308504760
0.090442523
0.030590156
0.119859315
-0.084109560
0.071786009
0.241143331
-0.302225351
-0.178750679
0.175109193
-0.078935735
0.054492343
0.266997337
-0.089507833
0.066031449
-0.218820736
-0.194762215
-0.011691145
-0.231205866
-0.246102482
-0.226817235
-0.100386895
-0.166886911
-0.019269882
0.065023184
-0.173506692
-0.126392394
-0.020697637
0.143040314
-0.151477322
-0.198799461
-0.211255625
-0.151381254
0.071318127
0.068524413
0.010561190
-0.237506405
0.469117343
0.578533947
0.475772768
0.357449234
-0.010220231
-0.075690813
0.073657818
0.139459386
0.161326557
0.110437892
0.213913172
0.013795872
0.140028685
-0.097115107
0.244192898
0.139655396
0.542117596
0.078767486
-0.294293642
-0.254401296
-0.292578995
-0.121512890
-0.130597100
-0.064360254
0.085882656
-0.174400434
-0.407131106
-0.062934659
0.101060800
0.003691895
-0.199087426
-0.253700376
0.131058201
-0.009621474
-0.235502839
0.457569987
-0.113988541
0.106386445
-0.242349014
0.101265386
0.069311649
0.282917529
-0.091919199
-0.124925807
-0.218477055
0.318150878
-0.168287799
-0.387459159
0.096848056
-0.079138033
-0.137624070
-0.341299653
-0.125621647
0.189189255
0.250901461
0.088387251
0.145434216
0.014503154
0.240021288
0.052840125
-0.172454402
0.051451024
0.095785104
-0.143334746
-0.072200403
0.062472798
-0.118938804
-0.237158477
0.226537988
0.348224163
-0.013805585
-0.161018461
-0.023591094
-0.011057718
0.036208402
0.059538394
0.127393708
-0.040504906
-0.111491226
-0.053848654
-0.249074206
-0.146439642
0.048685711
0.146454617
-0.069679737
-0.229558393
0.158815965
0.160880491
-0.089010850
0.045902766
-0.257973641
-0.233615309
0.128617182
0.053844433
-0.106987841
0.139163792
-0.050101575
-0.157415673
-0.256155342
-0.166223243
-0.215716481
0.053522617
0.187383071
0.099136472
-0.332656384
0.358700424
0.189056233
-0.010249372
0.040183458
0.317823261
0.216897115
-0.301479429
-0.067221344
0.373807073
0.175539792
0.405232608
0.341197044
-0.157695860
-0.056675356
0.166377276
0.055647302
0.218720526
0.250917256
0.162663713
-0.107246794
0.077995032
0.089275524
0.012596235
0.089569703
0.035169140
-0.191582456
0.068745025
0.185612425
0.033722114
0.136766031
-0.201876760
-0.298913687
0.057392914
-0.374895662
-0.212609306
0.145030305
-0.264799923
0.002203983
-0.168452099
0.006220509
-0.285552204
0.064787284
-0.071069874
-0.092135936
0.133029982
0.145459533
0.230589584
0.329947144
-0.074468799
0.192917198
0.055287011
0.166547924
0.356238991
0.384480923
-0.006550994
0.170333505
0.138286963
0.168158203
0.445913404
-0.018332984
0.217703253
0.266243845
0.198045686
-0.191250786
0.063021339
-0.138699055
0.265787959
-0.082853243
-0.191585347
-0.177923396
-0.025014853
0.163801119
0.082151771
0.313232630
0.114591949
-0.353568912
-0.116561145
0.165168315
-0.159604490
0.285048455
-0.050137144
-0.929878533
0.120503046
0.389226317
-0.356259137
-0.229136869
-0.071420245
0.007753484
-0.153236330
0.126725912
0.006557274
-0.300335765
0.001840760
-0.011546139
-0.119398162
0.029052386
-0.197765842
0.383138686
-0.037929311
-0.030720333
-0.025610225
-0.403469086
-0.308622509
-0.111825660
-0.036367647
-0.245075181
0.000154649
0.157148138
0.079170167
0.007284614
-0.079936974
0.265155524
-0.299825877
-0.052300613
-0.380341917
-0.173395574
0.078353353
-0.031534620
-0.228276744
0.190170646
-0.084189653
-0.144430384
-0.316886365
0.264489502
-0.043429721
-0.238951072
-0.370728374
-0.092766054
0.589501083
0.438129812
-0.407230854
0.094952166
0.083984554
-0.025626818
-0.063938260
-0.002612469
0.364097714
0.031383380
0.322153389
0.850533843
0.123736069
0.171488032
-0.194220677
0.594100416
0.220753908
0.154429823
-0.240399867
-0.158891037
-0.002127432
-0.238432661
-0.079080284
-0.124133579
-0.168676540
0.088797204
-0.333295256
0.017863359
0.210024521
-0.123987436
-0.247708231
0.013754902
-0.017685460
-0.060981654
-0.009556762
-0.037683487
-0.021269089
0.068823457
-0.212340221
0.167495206
-0.093036793
0.198333487
-0.182408646
0.123935699
0.138373986
-0.068687797
0.185983434
-0.305013537
0.147561133
-0.135860249
0.279459089
0.414308131
-0.347791374
0.223140150
-0.063376233
-0.212429240
0.475082994
-0.081420183
0.148809537
-0.175215200
-0.066223525
-0.118063383
0.029133085
-0.151278570
0.180000588
0.040303349
0.171261176
-0.030493209
0.012383834
0.391582876
-0.075764589
0.204291835
-0.023676232
-0.217457727
0.292506874
0.098468423
-0.087282903
-0.258843184
-0.035503924
0.203685224
0.326339573
0.129684538
0.114208706
0.276102304
-0.041477829
0.369115353
-0.348423749
-0.083161682
-0.260034949
0.256166965
0.093619615
-0.034614336
-0.165571213
-0.041296434
0.005915358
0.010129744
0.001030249
0.151171133
0.052603193
0.092698090
-0.043692425
-0.229605198
0.220953971
0.109798826
0.049143571
0.354633540
0.138528541
-0.187886253
0.324657828
-0.408844560
-0.146235496
-0.260540932
-0.229979068
0.160946354
0.065768838
-0.198814675
-0.057131857
0.031174360
-0.248391107
-0.141842246
-0.459860861
-0.083713405
-0.347058743
0.102210261
0.151251733
-0.135984346
-0.056712896
0.115597986
0.179324716
0.035406765
0.401410311
-0.034403823
0.105598949
0.395453542
0.265055031
0.043237314
0.086938545
0.313037276
-0.031149480
-0.206597060
-0.090449795
-0.004055058
0.352180243
0.151380479
-0.087204613
0.101003312
-0.141870528
0.087076247
0.149852738
-0.127870619
-0.266391963
0.102002323
-0.085872687
0.027140105
0.004669655
0.164575249
-0.058521610
-0.162111819
-0.216571525
-0.115323238
-0.094391666
-0.011927807
0.046434753
-0.295296580
0.062433966
0.147590429
-0.198348075
-0.097184055
0.336797953
0.119400464
0.413298011
-0.016491782
-0.270950496
0.424555302
-0.089509510
-0.033890028
0.157322153
-0.288757831
0.114599295
0.290796191
-0.127031773
-0.008311113
-0.021631116
-0.048598949
0.206458881
0.412285328
0.046927065
-0.172787577
0.210682258
0.376972318
0.126195461
0.285018474
-0.195925131
-0.041164912
-0.187554941
-0.097413830
0.147707552
0.057828870
-0.012894896
-0.065716378
0.038837358
0.126330346
0.121475339
-0.119923294
0.497924894
0.143173888
0.401837826
0.225028917
-0.123519577
-0.181717262
0.063489743
-0.042300947
-0.157925248
-0.024428442
-0.115860142
-0.253584981
0.014648641
-0.311744958
0.237338543
0.366758227
0.331698835
0.249624372
-0.205624059
0.249613300
-0.030314848
0.055475328
-0.048295099
-0.111222781
-0.159061834
-0.040286161
0.151491150
-0.038201518
-0.043571826
-0.044699356
-0.213880226
-0.441844791
-0.392350703
-0.188775837
0.101793647
0.281029433
0.191666633
0.203749567
0.049673550
-0.058342714
-0.086444683
-0.237932846
-0.283951133
-0.266424417
0.308984071
0.205490693
-0.085947774
-0.000435639
0.188879773
0.002370228
-0.129637063
-0.159559175
0.119339861
-0.053020548
0.239969224
-0.177406907
0.265753120
0.574923337
0.438321441
0.048103869
0.306776196
0.056943778
0.165042832
0.005101719
0.193825692
0.033668309
-0.494209915
-0.398693889
0.173920348
-0.056109760
0.162156209
0.207618400
0.231802300
0.012561737
-0.159746930
0.065472893
0.393010706
0.056829292
-0.029353984
0.268152773
-0.064325310
0.078570902
0.091319703
-0.325103313
-0.265048206
-0.063749693
-0.066493519
-0.086147353
0.516623259
-0.149694949
-0.363115430
0.344637781
0.359440088
0.313445061
0.063140355
0.043661531
-0.136317238
0.133026138
0.012948778
-0.048595451
-0.032873258
-0.108554363
-0.104554631
-0.025276607
-0.093784198
0.112221695
-0.403791547
0.097673155
0.283049554
-0.430544108
-0.237886414
-0.001468385
0.190161869
-0.011964351
-0.141817302
0.264243424
0.001072183
-0.097305402
0.508469343
-0.000163331
-0.102182046
-0.258188993
0.147478804
0.140552789
-0.013559822
-0.287789822
0.464205474
0.382508278
0.546685755
-0.121060647
0.144766316
0.236077070
0.578069389
0.140907601
0.408795983
0.243100032
0.165792525
0.082003064
-0.116783254
0.348440349
-0.268080860
-0.435346693
-0.031562917
0.082458556
-0.562075257
-0.395591229
0.206582740
0.152410492
-0.314157784
0.010238907
0.039067313
-0.205809265
0.280710667
-0.085692294
-0.025761524
0.329964191
-0.243537143
-0.069186419
0.146804035
0.135003269
0.124724492
0.133368820
0.033676554
0.038055342
0.055449773
0.000779563
0.232316062
0.011504591
0.037437383
0.023292344
-0.026075613
-0.441306323
-0.115768097
0.021127423
-0.237691700
0.149373680
-0.099310338
-0.240188166
0.226090580
0.015416387
0.025484700
-0.314519614
0.289428324
-0.038888596
-0.290135860
-0.121670365
-0.082881242
-0.235747606
-0.396499604
-0.398561567
0.080969438
-0.001822376
0.185116261
-0.083991215
-0.179200411
0.054302800
0.018059043
-0.166745588
-0.091374069
-0.278305978
-0.270723999
0.028681276
0.026641266
0.033083826
-0.016987951
-0.130584747
0.141292557
0.222786501
-0.096360907
0.158118501
0.251376718
-0.180392161
0.312629014
0.038668089
0.263779670
0.198321462
0.283999503
0.153433323
0.287678093
-0.025707552
0.364124179
0.568860769
0.429122001
-0.851251781
0.799044549
0.084811375
-0.638150215
0.859380662
1.178655982
-0.004438793
-0.747872770
-0.044517364
-0.161859021
0.532509863
-1.188173771
0.004343505
-0.461593270
0.043650649
-0.298169643
0.336762249
0.335245073
0.847160935
0.217790157
0.268645227
-0.361121863
0.380500257
0.257327080
0.881845772
0.821618378
-0.372501582
0.220474288
-0.170099676
0.045480482
-0.045480538
